(kicad_pcb (version 20171130) (host pcbnew 5.1.4+dfsg1-1)

  (general
    (thickness 1.6)
    (drawings 95)
    (tracks 255)
    (zones 0)
    (modules 38)
    (nets 29)
  )

  (page A4)
  (layers
    (0 F.Cu signal)
    (31 B.Cu signal)
    (32 B.Adhes user)
    (33 F.Adhes user)
    (34 B.Paste user)
    (35 F.Paste user)
    (36 B.SilkS user)
    (37 F.SilkS user)
    (38 B.Mask user)
    (39 F.Mask user)
    (40 Dwgs.User user)
    (41 Cmts.User user)
    (42 Eco1.User user hide)
    (43 Eco2.User user)
    (44 Edge.Cuts user)
    (45 Margin user)
    (46 B.CrtYd user)
    (47 F.CrtYd user)
    (48 B.Fab user)
    (49 F.Fab user)
  )

  (setup
    (last_trace_width 0.25)
    (user_trace_width 0.3)
    (user_trace_width 0.5)
    (user_trace_width 2)
    (trace_clearance 0.2)
    (zone_clearance 0.2)
    (zone_45_only no)
    (trace_min 0.2)
    (via_size 0.8)
    (via_drill 0.4)
    (via_min_size 0.4)
    (via_min_drill 0.3)
    (user_via 0.8 0.4)
    (user_via 1.4 0.8)
    (uvia_size 0.3)
    (uvia_drill 0.1)
    (uvias_allowed no)
    (uvia_min_size 0.2)
    (uvia_min_drill 0.1)
    (edge_width 0.2)
    (segment_width 0.2)
    (pcb_text_width 0.3)
    (pcb_text_size 1.5 1.5)
    (mod_edge_width 0.12)
    (mod_text_size 1 1)
    (mod_text_width 0.15)
    (pad_size 1.524 1.524)
    (pad_drill 0.762)
    (pad_to_mask_clearance 0.051)
    (solder_mask_min_width 0.25)
    (aux_axis_origin 0 0)
    (grid_origin 206.25 59.75)
    (visible_elements FFFFFF7F)
    (pcbplotparams
      (layerselection 0x010fc_ffffffff)
      (usegerberextensions false)
      (usegerberattributes false)
      (usegerberadvancedattributes false)
      (creategerberjobfile false)
      (excludeedgelayer true)
      (linewidth 0.100000)
      (plotframeref false)
      (viasonmask false)
      (mode 1)
      (useauxorigin false)
      (hpglpennumber 1)
      (hpglpenspeed 20)
      (hpglpendiameter 15.000000)
      (psnegative false)
      (psa4output false)
      (plotreference true)
      (plotvalue true)
      (plotinvisibletext false)
      (padsonsilk false)
      (subtractmaskfromsilk false)
      (outputformat 1)
      (mirror false)
      (drillshape 1)
      (scaleselection 1)
      (outputdirectory ""))
  )

  (net 0 "")
  (net 1 +3V3)
  (net 2 GND)
  (net 3 VBUS)
  (net 4 "Net-(D1-Pad2)")
  (net 5 "Net-(D2-Pad2)")
  (net 6 "Net-(D3-Pad2)")
  (net 7 D+)
  (net 8 D-)
  (net 9 RST)
  (net 10 SWCLK)
  (net 11 SWDIO)
  (net 12 RX)
  (net 13 TX)
  (net 14 "Net-(J13-Pad1)")
  (net 15 "Net-(J14-Pad1)")
  (net 16 "Net-(J15-Pad1)")
  (net 17 "Net-(J16-Pad1)")
  (net 18 "Net-(R5-Pad1)")
  (net 19 "Net-(R6-Pad1)")
  (net 20 "Net-(R7-Pad1)")
  (net 21 /VBUS_SENSE)
  (net 22 /OUT+)
  (net 23 /MID)
  (net 24 /OUT-)
  (net 25 /BP_B2+)
  (net 26 /BP_B2-)
  (net 27 /BP_B1-)
  (net 28 /BP_B1+)

  (net_class Default "Toto je výchozí třída sítě."
    (clearance 0.2)
    (trace_width 0.25)
    (via_dia 0.8)
    (via_drill 0.4)
    (uvia_dia 0.3)
    (uvia_drill 0.1)
    (add_net +3V3)
    (add_net /BP_B1+)
    (add_net /BP_B1-)
    (add_net /BP_B2+)
    (add_net /BP_B2-)
    (add_net /MID)
    (add_net /OUT+)
    (add_net /OUT-)
    (add_net /VBUS_SENSE)
    (add_net D+)
    (add_net D-)
    (add_net GND)
    (add_net "Net-(D1-Pad2)")
    (add_net "Net-(D2-Pad2)")
    (add_net "Net-(D3-Pad2)")
    (add_net "Net-(J1-Pad4)")
    (add_net "Net-(J13-Pad1)")
    (add_net "Net-(J14-Pad1)")
    (add_net "Net-(J15-Pad1)")
    (add_net "Net-(J16-Pad1)")
    (add_net "Net-(P1-PadA5)")
    (add_net "Net-(P1-PadB5)")
    (add_net "Net-(R5-Pad1)")
    (add_net "Net-(R6-Pad1)")
    (add_net "Net-(R7-Pad1)")
    (add_net "Net-(U1-Pad5)")
    (add_net "Net-(U1-Pad6)")
    (add_net "Net-(U1-Pad7)")
    (add_net "Net-(U2-Pad14)")
    (add_net "Net-(U2-Pad18)")
    (add_net "Net-(U2-Pad2)")
    (add_net "Net-(U2-Pad3)")
    (add_net "Net-(U2-Pad7)")
    (add_net "Net-(U4-Pad5)")
    (add_net "Net-(U4-Pad6)")
    (add_net "Net-(U4-Pad7)")
    (add_net RST)
    (add_net RX)
    (add_net SWCLK)
    (add_net SWDIO)
    (add_net TX)
    (add_net VBUS)
  )

  (module batteryPack:BAT_BK-18650-PC4 (layer B.Cu) (tedit 5E848708) (tstamp 5E83CC0C)
    (at 50 70 270)
    (path /5E837B36)
    (fp_text reference BT1 (at -36.195 19.05 90) (layer B.SilkS)
      (effects (font (size 1 1) (thickness 0.15)) (justify mirror))
    )
    (fp_text value BK-18650-PC4 (at -28.84 -19.05 90) (layer B.Fab)
      (effects (font (size 1 1) (thickness 0.015)) (justify mirror))
    )
    (fp_line (start -39 -20.05) (end -39 20.05) (layer B.Fab) (width 0.127))
    (fp_line (start 39 -20.05) (end -39 -20.05) (layer B.Fab) (width 0.127))
    (fp_line (start 39 20.05) (end 39 -20.05) (layer B.Fab) (width 0.127))
    (fp_line (start -39 20.05) (end 39 20.05) (layer B.Fab) (width 0.127))
    (fp_line (start -39 -20.05) (end -39 20.05) (layer B.SilkS) (width 0.127))
    (fp_line (start 39 -20.05) (end -39 -20.05) (layer B.SilkS) (width 0.127))
    (fp_line (start 39 20.05) (end 39 -20.05) (layer B.SilkS) (width 0.127))
    (fp_line (start -39 20.05) (end 39 20.05) (layer B.SilkS) (width 0.127))
    (pad 2+ thru_hole oval (at -36.7 -9.65 270) (size 3 4) (drill oval 1 2) (layers *.Cu *.Mask)
      (net 25 /BP_B2+))
    (pad 2 thru_hole oval (at 36.7 -9.65 270) (size 3 4) (drill oval 1 2) (layers *.Cu *.Mask)
      (net 26 /BP_B2-))
    (pad 1 thru_hole oval (at 36.7 9.6 270) (size 3 4) (drill oval 1 2) (layers *.Cu *.Mask)
      (net 27 /BP_B1-))
    (pad 1+ thru_hole oval (at -36.7 9.6 270) (size 3 4) (drill oval 1 2) (layers *.Cu *.Mask)
      (net 28 /BP_B1+))
    (model C:/Users/mp363/Desktop/BK-18650-PC4/BAT_BK-18650-PC4.step
      (at (xyz 0 0 0))
      (scale (xyz 1 1 1))
      (rotate (xyz -90 0 -90))
    )
  )

  (module batteryPack:TP5100-Module locked (layer F.Cu) (tedit 5E837F5D) (tstamp 5E8467A2)
    (at 208.5 79.25 180)
    (path /5E8405D9)
    (fp_text reference U4 (at 0 12) (layer F.SilkS) hide
      (effects (font (size 1 1) (thickness 0.15)))
    )
    (fp_text value TP5100-Module (at 0 -10) (layer F.Fab)
      (effects (font (size 1 1) (thickness 0.15)))
    )
    (fp_circle (center -5 2.5) (end -1.75 2.5) (layer F.SilkS) (width 0.15))
    (fp_line (start -1.5 6) (end -8.5 6) (layer F.SilkS) (width 0.15))
    (fp_line (start -1.5 -1) (end -1.5 6) (layer F.SilkS) (width 0.15))
    (fp_line (start -8.5 -1) (end -1.5 -1) (layer F.SilkS) (width 0.15))
    (fp_line (start -8.5 6) (end -8.5 -1) (layer F.SilkS) (width 0.15))
    (fp_line (start -12.75 5.75) (end -12.75 1.5) (layer F.SilkS) (width 0.15))
    (fp_line (start 12.75 5.5) (end 12.75 -5.5) (layer F.SilkS) (width 0.15))
    (fp_line (start 12.75 9) (end 12.75 8.25) (layer F.SilkS) (width 0.15))
    (fp_line (start -12.75 9) (end 12.75 9) (layer F.SilkS) (width 0.15))
    (fp_line (start -12.75 8.25) (end -12.75 9) (layer F.SilkS) (width 0.15))
    (fp_line (start 12.75 -9) (end 12.75 -8.25) (layer F.SilkS) (width 0.15))
    (fp_line (start -12.75 -9) (end 12.75 -9) (layer F.SilkS) (width 0.15))
    (fp_line (start -12.75 -8.25) (end -12.75 -9) (layer F.SilkS) (width 0.15))
    (fp_text user BAT+ (at 12 10) (layer F.SilkS)
      (effects (font (size 1 1) (thickness 0.15)))
    )
    (fp_text user VCC (at -12 10) (layer F.SilkS)
      (effects (font (size 1 1) (thickness 0.15)))
    )
    (fp_text user BAT- (at 12.25 -9.75) (layer F.SilkS)
      (effects (font (size 1 1) (thickness 0.15)))
    )
    (fp_text user GND (at -12 -9.75) (layer F.SilkS)
      (effects (font (size 1 1) (thickness 0.15)))
    )
    (fp_line (start 12.5 -8.75) (end -12.5 -8.75) (layer Dwgs.User) (width 0.12))
    (fp_line (start 12.5 8.75) (end 12.5 -8.75) (layer Dwgs.User) (width 0.12))
    (fp_line (start -12.5 8.75) (end 12.5 8.75) (layer Dwgs.User) (width 0.12))
    (fp_line (start -12.5 -8.75) (end -12.5 8.75) (layer Dwgs.User) (width 0.12))
    (pad 7 smd oval (at -10.5 0.5 180) (size 4.5 1.5) (drill (offset -1.5 0)) (layers F.Cu F.Paste F.Mask))
    (pad 6 smd oval (at -10.5 -4.5 180) (size 4.5 1.5) (drill (offset -1.5 0)) (layers F.Cu F.Paste F.Mask))
    (pad 5 smd oval (at -10.5 -2 180) (size 4.5 1.5) (drill (offset -1.5 0)) (layers F.Cu F.Paste F.Mask))
    (pad 4 smd oval (at 11 -7) (size 4 2) (drill (offset -1 0)) (layers F.Cu F.Paste F.Mask)
      (net 17 "Net-(J16-Pad1)"))
    (pad 3 smd oval (at 11 7) (size 4 2) (drill (offset -1 0)) (layers F.Cu F.Paste F.Mask)
      (net 16 "Net-(J15-Pad1)"))
    (pad 2 smd oval (at -11 7 180) (size 4 2) (drill (offset -1 0)) (layers F.Cu F.Paste F.Mask)
      (net 3 VBUS))
    (pad 1 smd oval (at -11 -7 180) (size 4 2) (drill (offset -1 0)) (layers F.Cu F.Paste F.Mask)
      (net 2 GND))
  )

  (module Package_TO_SOT_SMD:SOT-89-3 (layer B.Cu) (tedit 5C33D6E8) (tstamp 5E846782)
    (at 208.5 67.75 270)
    (descr "SOT-89-3, http://ww1.microchip.com/downloads/en/DeviceDoc/3L_SOT-89_MB_C04-029C.pdf")
    (tags SOT-89-3)
    (path /5E9C77BC)
    (attr smd)
    (fp_text reference U3 (at 0.3 3.5 90) (layer B.SilkS)
      (effects (font (size 1 1) (thickness 0.15)) (justify mirror))
    )
    (fp_text value HT7533-1 (at 0.3 -3.5 90) (layer B.Fab)
      (effects (font (size 1 1) (thickness 0.15)) (justify mirror))
    )
    (fp_line (start -1.06 -2.36) (end -1.06 -2.13) (layer B.SilkS) (width 0.12))
    (fp_line (start -1.06 2.36) (end -1.06 2.13) (layer B.SilkS) (width 0.12))
    (fp_line (start -1.06 2.36) (end 1.66 2.36) (layer B.SilkS) (width 0.12))
    (fp_line (start -2.55 -2.5) (end -2.55 2.5) (layer B.CrtYd) (width 0.05))
    (fp_line (start -2.55 -2.5) (end 2.55 -2.5) (layer B.CrtYd) (width 0.05))
    (fp_line (start 2.55 2.5) (end -2.55 2.5) (layer B.CrtYd) (width 0.05))
    (fp_line (start 2.55 2.5) (end 2.55 -2.5) (layer B.CrtYd) (width 0.05))
    (fp_line (start 0.05 2.25) (end 1.55 2.25) (layer B.Fab) (width 0.1))
    (fp_line (start -0.95 -2.25) (end -0.95 1.25) (layer B.Fab) (width 0.1))
    (fp_line (start 1.55 -2.25) (end -0.95 -2.25) (layer B.Fab) (width 0.1))
    (fp_line (start 1.55 2.25) (end 1.55 -2.25) (layer B.Fab) (width 0.1))
    (fp_line (start -0.95 1.25) (end 0.05 2.25) (layer B.Fab) (width 0.1))
    (fp_line (start 1.66 2.36) (end 1.66 1.05) (layer B.SilkS) (width 0.12))
    (fp_line (start -2.2 2.13) (end -1.06 2.13) (layer B.SilkS) (width 0.12))
    (fp_line (start 1.66 -2.36) (end -1.06 -2.36) (layer B.SilkS) (width 0.12))
    (fp_line (start 1.66 -1.05) (end 1.66 -2.36) (layer B.SilkS) (width 0.12))
    (fp_text user %R (at 0.5 0 180) (layer B.Fab)
      (effects (font (size 1 1) (thickness 0.15)) (justify mirror))
    )
    (pad 2 smd custom (at -1.5625 0 270) (size 1.475 0.9) (layers B.Cu B.Paste B.Mask)
      (net 3 VBUS) (zone_connect 2)
      (options (clearance outline) (anchor rect))
      (primitives
        (gr_poly (pts
           (xy 0.7375 0.8665) (xy 3.8625 0.8665) (xy 3.8625 -0.8665) (xy 0.7375 -0.8665)) (width 0))
      ))
    (pad 3 smd rect (at -1.65 -1.5 270) (size 1.3 0.9) (layers B.Cu B.Paste B.Mask)
      (net 1 +3V3))
    (pad 1 smd rect (at -1.65 1.5 270) (size 1.3 0.9) (layers B.Cu B.Paste B.Mask)
      (net 2 GND))
    (model ${KISYS3DMOD}/Package_TO_SOT_SMD.3dshapes/SOT-89-3.wrl
      (at (xyz 0 0 0))
      (scale (xyz 1 1 1))
      (rotate (xyz 0 0 0))
    )
  )

  (module Package_SO:TSSOP-20_4.4x6.5mm_P0.65mm (layer B.Cu) (tedit 5E476F32) (tstamp 5E84DC39)
    (at 208.75 60 180)
    (descr "TSSOP, 20 Pin (JEDEC MO-153 Var AC https://www.jedec.org/document_search?search_api_views_fulltext=MO-153), generated with kicad-footprint-generator ipc_gullwing_generator.py")
    (tags "TSSOP SO")
    (path /5E84AE5C)
    (attr smd)
    (fp_text reference U2 (at 0 4.2) (layer B.SilkS)
      (effects (font (size 1 1) (thickness 0.15)) (justify mirror))
    )
    (fp_text value STM32F030F4Px (at 0 -4.2) (layer B.Fab)
      (effects (font (size 1 1) (thickness 0.15)) (justify mirror))
    )
    (fp_text user %R (at 0 0) (layer B.Fab)
      (effects (font (size 1 1) (thickness 0.15)) (justify mirror))
    )
    (fp_line (start 3.85 3.5) (end -3.85 3.5) (layer B.CrtYd) (width 0.05))
    (fp_line (start 3.85 -3.5) (end 3.85 3.5) (layer B.CrtYd) (width 0.05))
    (fp_line (start -3.85 -3.5) (end 3.85 -3.5) (layer B.CrtYd) (width 0.05))
    (fp_line (start -3.85 3.5) (end -3.85 -3.5) (layer B.CrtYd) (width 0.05))
    (fp_line (start -2.2 2.25) (end -1.2 3.25) (layer B.Fab) (width 0.1))
    (fp_line (start -2.2 -3.25) (end -2.2 2.25) (layer B.Fab) (width 0.1))
    (fp_line (start 2.2 -3.25) (end -2.2 -3.25) (layer B.Fab) (width 0.1))
    (fp_line (start 2.2 3.25) (end 2.2 -3.25) (layer B.Fab) (width 0.1))
    (fp_line (start -1.2 3.25) (end 2.2 3.25) (layer B.Fab) (width 0.1))
    (fp_line (start 0 3.385) (end -3.6 3.385) (layer B.SilkS) (width 0.12))
    (fp_line (start 0 3.385) (end 2.2 3.385) (layer B.SilkS) (width 0.12))
    (fp_line (start 0 -3.385) (end -2.2 -3.385) (layer B.SilkS) (width 0.12))
    (fp_line (start 0 -3.385) (end 2.2 -3.385) (layer B.SilkS) (width 0.12))
    (pad 20 smd roundrect (at 2.8625 2.925 180) (size 1.475 0.4) (layers B.Cu B.Paste B.Mask) (roundrect_rratio 0.25)
      (net 10 SWCLK))
    (pad 19 smd roundrect (at 2.8625 2.275 180) (size 1.475 0.4) (layers B.Cu B.Paste B.Mask) (roundrect_rratio 0.25)
      (net 11 SWDIO))
    (pad 18 smd roundrect (at 2.8625 1.625 180) (size 1.475 0.4) (layers B.Cu B.Paste B.Mask) (roundrect_rratio 0.25))
    (pad 17 smd roundrect (at 2.8625 0.975 180) (size 1.475 0.4) (layers B.Cu B.Paste B.Mask) (roundrect_rratio 0.25)
      (net 20 "Net-(R7-Pad1)"))
    (pad 16 smd roundrect (at 2.8625 0.325 180) (size 1.475 0.4) (layers B.Cu B.Paste B.Mask) (roundrect_rratio 0.25)
      (net 1 +3V3))
    (pad 15 smd roundrect (at 2.8625 -0.325 180) (size 1.475 0.4) (layers B.Cu B.Paste B.Mask) (roundrect_rratio 0.25)
      (net 2 GND))
    (pad 14 smd roundrect (at 2.8625 -0.975 180) (size 1.475 0.4) (layers B.Cu B.Paste B.Mask) (roundrect_rratio 0.25))
    (pad 13 smd roundrect (at 2.8625 -1.625 180) (size 1.475 0.4) (layers B.Cu B.Paste B.Mask) (roundrect_rratio 0.25)
      (net 19 "Net-(R6-Pad1)"))
    (pad 12 smd roundrect (at 2.8625 -2.275 180) (size 1.475 0.4) (layers B.Cu B.Paste B.Mask) (roundrect_rratio 0.25)
      (net 18 "Net-(R5-Pad1)"))
    (pad 11 smd roundrect (at 2.8625 -2.925 180) (size 1.475 0.4) (layers B.Cu B.Paste B.Mask) (roundrect_rratio 0.25)
      (net 8 D-))
    (pad 10 smd roundrect (at -2.8625 -2.925 180) (size 1.475 0.4) (layers B.Cu B.Paste B.Mask) (roundrect_rratio 0.25)
      (net 7 D+))
    (pad 9 smd roundrect (at -2.8625 -2.275 180) (size 1.475 0.4) (layers B.Cu B.Paste B.Mask) (roundrect_rratio 0.25)
      (net 12 RX))
    (pad 8 smd roundrect (at -2.8625 -1.625 180) (size 1.475 0.4) (layers B.Cu B.Paste B.Mask) (roundrect_rratio 0.25)
      (net 13 TX))
    (pad 7 smd roundrect (at -2.8625 -0.975 180) (size 1.475 0.4) (layers B.Cu B.Paste B.Mask) (roundrect_rratio 0.25))
    (pad 6 smd roundrect (at -2.8625 -0.325 180) (size 1.475 0.4) (layers B.Cu B.Paste B.Mask) (roundrect_rratio 0.25)
      (net 21 /VBUS_SENSE))
    (pad 5 smd roundrect (at -2.8625 0.325 180) (size 1.475 0.4) (layers B.Cu B.Paste B.Mask) (roundrect_rratio 0.25)
      (net 1 +3V3))
    (pad 4 smd roundrect (at -2.8625 0.975 180) (size 1.475 0.4) (layers B.Cu B.Paste B.Mask) (roundrect_rratio 0.25)
      (net 9 RST))
    (pad 3 smd roundrect (at -2.8625 1.625 180) (size 1.475 0.4) (layers B.Cu B.Paste B.Mask) (roundrect_rratio 0.25))
    (pad 2 smd roundrect (at -2.8625 2.275 180) (size 1.475 0.4) (layers B.Cu B.Paste B.Mask) (roundrect_rratio 0.25))
    (pad 1 smd roundrect (at -2.8625 2.925 180) (size 1.475 0.4) (layers B.Cu B.Paste B.Mask) (roundrect_rratio 0.25)
      (net 2 GND))
    (model ${KISYS3DMOD}/Package_SO.3dshapes/TSSOP-20_4.4x6.5mm_P0.65mm.wrl
      (at (xyz 0 0 0))
      (scale (xyz 1 1 1))
      (rotate (xyz 0 0 0))
    )
  )

  (module Resistor_SMD:R_0603_1608Metric_Pad1.05x0.95mm_HandSolder (layer B.Cu) (tedit 5B301BBD) (tstamp 5E846706)
    (at 216 59.5 90)
    (descr "Resistor SMD 0603 (1608 Metric), square (rectangular) end terminal, IPC_7351 nominal with elongated pad for handsoldering. (Body size source: http://www.tortai-tech.com/upload/download/2011102023233369053.pdf), generated with kicad-footprint-generator")
    (tags "resistor handsolder")
    (path /5E8E1C13)
    (attr smd)
    (fp_text reference R9 (at 0 1.43 270) (layer B.SilkS)
      (effects (font (size 1 1) (thickness 0.15)) (justify mirror))
    )
    (fp_text value 10k (at 0 -1.43 270) (layer B.Fab)
      (effects (font (size 1 1) (thickness 0.15)) (justify mirror))
    )
    (fp_text user %R (at 0 0 270) (layer B.Fab)
      (effects (font (size 0.4 0.4) (thickness 0.06)) (justify mirror))
    )
    (fp_line (start 1.65 -0.73) (end -1.65 -0.73) (layer B.CrtYd) (width 0.05))
    (fp_line (start 1.65 0.73) (end 1.65 -0.73) (layer B.CrtYd) (width 0.05))
    (fp_line (start -1.65 0.73) (end 1.65 0.73) (layer B.CrtYd) (width 0.05))
    (fp_line (start -1.65 -0.73) (end -1.65 0.73) (layer B.CrtYd) (width 0.05))
    (fp_line (start -0.171267 -0.51) (end 0.171267 -0.51) (layer B.SilkS) (width 0.12))
    (fp_line (start -0.171267 0.51) (end 0.171267 0.51) (layer B.SilkS) (width 0.12))
    (fp_line (start 0.8 -0.4) (end -0.8 -0.4) (layer B.Fab) (width 0.1))
    (fp_line (start 0.8 0.4) (end 0.8 -0.4) (layer B.Fab) (width 0.1))
    (fp_line (start -0.8 0.4) (end 0.8 0.4) (layer B.Fab) (width 0.1))
    (fp_line (start -0.8 -0.4) (end -0.8 0.4) (layer B.Fab) (width 0.1))
    (pad 2 smd roundrect (at 0.875 0 90) (size 1.05 0.95) (layers B.Cu B.Paste B.Mask) (roundrect_rratio 0.25)
      (net 2 GND))
    (pad 1 smd roundrect (at -0.875 0 90) (size 1.05 0.95) (layers B.Cu B.Paste B.Mask) (roundrect_rratio 0.25)
      (net 21 /VBUS_SENSE))
    (model ${KISYS3DMOD}/Resistor_SMD.3dshapes/R_0603_1608Metric.wrl
      (at (xyz 0 0 0))
      (scale (xyz 1 1 1))
      (rotate (xyz 0 0 0))
    )
  )

  (module Resistor_SMD:R_0603_1608Metric_Pad1.05x0.95mm_HandSolder (layer B.Cu) (tedit 5B301BBD) (tstamp 5E8466F5)
    (at 214.25 59.5 270)
    (descr "Resistor SMD 0603 (1608 Metric), square (rectangular) end terminal, IPC_7351 nominal with elongated pad for handsoldering. (Body size source: http://www.tortai-tech.com/upload/download/2011102023233369053.pdf), generated with kicad-footprint-generator")
    (tags "resistor handsolder")
    (path /5E8E1775)
    (attr smd)
    (fp_text reference R8 (at 0 1.43 270) (layer B.SilkS)
      (effects (font (size 1 1) (thickness 0.15)) (justify mirror))
    )
    (fp_text value 62k (at 0 -1.43 270) (layer B.Fab)
      (effects (font (size 1 1) (thickness 0.15)) (justify mirror))
    )
    (fp_text user %R (at 0 0 270) (layer B.Fab)
      (effects (font (size 0.4 0.4) (thickness 0.06)) (justify mirror))
    )
    (fp_line (start 1.65 -0.73) (end -1.65 -0.73) (layer B.CrtYd) (width 0.05))
    (fp_line (start 1.65 0.73) (end 1.65 -0.73) (layer B.CrtYd) (width 0.05))
    (fp_line (start -1.65 0.73) (end 1.65 0.73) (layer B.CrtYd) (width 0.05))
    (fp_line (start -1.65 -0.73) (end -1.65 0.73) (layer B.CrtYd) (width 0.05))
    (fp_line (start -0.171267 -0.51) (end 0.171267 -0.51) (layer B.SilkS) (width 0.12))
    (fp_line (start -0.171267 0.51) (end 0.171267 0.51) (layer B.SilkS) (width 0.12))
    (fp_line (start 0.8 -0.4) (end -0.8 -0.4) (layer B.Fab) (width 0.1))
    (fp_line (start 0.8 0.4) (end 0.8 -0.4) (layer B.Fab) (width 0.1))
    (fp_line (start -0.8 0.4) (end 0.8 0.4) (layer B.Fab) (width 0.1))
    (fp_line (start -0.8 -0.4) (end -0.8 0.4) (layer B.Fab) (width 0.1))
    (pad 2 smd roundrect (at 0.875 0 270) (size 1.05 0.95) (layers B.Cu B.Paste B.Mask) (roundrect_rratio 0.25)
      (net 21 /VBUS_SENSE))
    (pad 1 smd roundrect (at -0.875 0 270) (size 1.05 0.95) (layers B.Cu B.Paste B.Mask) (roundrect_rratio 0.25)
      (net 3 VBUS))
    (model ${KISYS3DMOD}/Resistor_SMD.3dshapes/R_0603_1608Metric.wrl
      (at (xyz 0 0 0))
      (scale (xyz 1 1 1))
      (rotate (xyz 0 0 0))
    )
  )

  (module Resistor_SMD:R_0603_1608Metric_Pad1.05x0.95mm_HandSolder (layer F.Cu) (tedit 5B301BBD) (tstamp 5E84E771)
    (at 230 86.5)
    (descr "Resistor SMD 0603 (1608 Metric), square (rectangular) end terminal, IPC_7351 nominal with elongated pad for handsoldering. (Body size source: http://www.tortai-tech.com/upload/download/2011102023233369053.pdf), generated with kicad-footprint-generator")
    (tags "resistor handsolder")
    (path /5E93E656)
    (attr smd)
    (fp_text reference R7 (at 0 -1.43) (layer F.SilkS)
      (effects (font (size 1 1) (thickness 0.15)))
    )
    (fp_text value 1k (at 0 1.43) (layer F.Fab)
      (effects (font (size 1 1) (thickness 0.15)))
    )
    (fp_text user %R (at 0 0) (layer F.Fab)
      (effects (font (size 0.4 0.4) (thickness 0.06)))
    )
    (fp_line (start 1.65 0.73) (end -1.65 0.73) (layer F.CrtYd) (width 0.05))
    (fp_line (start 1.65 -0.73) (end 1.65 0.73) (layer F.CrtYd) (width 0.05))
    (fp_line (start -1.65 -0.73) (end 1.65 -0.73) (layer F.CrtYd) (width 0.05))
    (fp_line (start -1.65 0.73) (end -1.65 -0.73) (layer F.CrtYd) (width 0.05))
    (fp_line (start -0.171267 0.51) (end 0.171267 0.51) (layer F.SilkS) (width 0.12))
    (fp_line (start -0.171267 -0.51) (end 0.171267 -0.51) (layer F.SilkS) (width 0.12))
    (fp_line (start 0.8 0.4) (end -0.8 0.4) (layer F.Fab) (width 0.1))
    (fp_line (start 0.8 -0.4) (end 0.8 0.4) (layer F.Fab) (width 0.1))
    (fp_line (start -0.8 -0.4) (end 0.8 -0.4) (layer F.Fab) (width 0.1))
    (fp_line (start -0.8 0.4) (end -0.8 -0.4) (layer F.Fab) (width 0.1))
    (pad 2 smd roundrect (at 0.875 0) (size 1.05 0.95) (layers F.Cu F.Paste F.Mask) (roundrect_rratio 0.25)
      (net 6 "Net-(D3-Pad2)"))
    (pad 1 smd roundrect (at -0.875 0) (size 1.05 0.95) (layers F.Cu F.Paste F.Mask) (roundrect_rratio 0.25)
      (net 20 "Net-(R7-Pad1)"))
    (model ${KISYS3DMOD}/Resistor_SMD.3dshapes/R_0603_1608Metric.wrl
      (at (xyz 0 0 0))
      (scale (xyz 1 1 1))
      (rotate (xyz 0 0 0))
    )
  )

  (module Resistor_SMD:R_0603_1608Metric_Pad1.05x0.95mm_HandSolder (layer F.Cu) (tedit 5B301BBD) (tstamp 5E84937F)
    (at 230 82.5)
    (descr "Resistor SMD 0603 (1608 Metric), square (rectangular) end terminal, IPC_7351 nominal with elongated pad for handsoldering. (Body size source: http://www.tortai-tech.com/upload/download/2011102023233369053.pdf), generated with kicad-footprint-generator")
    (tags "resistor handsolder")
    (path /5E93E1E9)
    (attr smd)
    (fp_text reference R6 (at 0 -1.43) (layer F.SilkS)
      (effects (font (size 1 1) (thickness 0.15)))
    )
    (fp_text value 1k (at 0 1.43) (layer F.Fab)
      (effects (font (size 1 1) (thickness 0.15)))
    )
    (fp_text user %R (at 0 0) (layer F.Fab)
      (effects (font (size 0.4 0.4) (thickness 0.06)))
    )
    (fp_line (start 1.65 0.73) (end -1.65 0.73) (layer F.CrtYd) (width 0.05))
    (fp_line (start 1.65 -0.73) (end 1.65 0.73) (layer F.CrtYd) (width 0.05))
    (fp_line (start -1.65 -0.73) (end 1.65 -0.73) (layer F.CrtYd) (width 0.05))
    (fp_line (start -1.65 0.73) (end -1.65 -0.73) (layer F.CrtYd) (width 0.05))
    (fp_line (start -0.171267 0.51) (end 0.171267 0.51) (layer F.SilkS) (width 0.12))
    (fp_line (start -0.171267 -0.51) (end 0.171267 -0.51) (layer F.SilkS) (width 0.12))
    (fp_line (start 0.8 0.4) (end -0.8 0.4) (layer F.Fab) (width 0.1))
    (fp_line (start 0.8 -0.4) (end 0.8 0.4) (layer F.Fab) (width 0.1))
    (fp_line (start -0.8 -0.4) (end 0.8 -0.4) (layer F.Fab) (width 0.1))
    (fp_line (start -0.8 0.4) (end -0.8 -0.4) (layer F.Fab) (width 0.1))
    (pad 2 smd roundrect (at 0.875 0) (size 1.05 0.95) (layers F.Cu F.Paste F.Mask) (roundrect_rratio 0.25)
      (net 5 "Net-(D2-Pad2)"))
    (pad 1 smd roundrect (at -0.875 0) (size 1.05 0.95) (layers F.Cu F.Paste F.Mask) (roundrect_rratio 0.25)
      (net 19 "Net-(R6-Pad1)"))
    (model ${KISYS3DMOD}/Resistor_SMD.3dshapes/R_0603_1608Metric.wrl
      (at (xyz 0 0 0))
      (scale (xyz 1 1 1))
      (rotate (xyz 0 0 0))
    )
  )

  (module Resistor_SMD:R_0603_1608Metric_Pad1.05x0.95mm_HandSolder (layer F.Cu) (tedit 5B301BBD) (tstamp 5E8493E2)
    (at 230 78.5)
    (descr "Resistor SMD 0603 (1608 Metric), square (rectangular) end terminal, IPC_7351 nominal with elongated pad for handsoldering. (Body size source: http://www.tortai-tech.com/upload/download/2011102023233369053.pdf), generated with kicad-footprint-generator")
    (tags "resistor handsolder")
    (path /5E93DAFE)
    (attr smd)
    (fp_text reference R5 (at 0 -1.43) (layer F.SilkS)
      (effects (font (size 1 1) (thickness 0.15)))
    )
    (fp_text value 1k (at 0 1.43) (layer F.Fab)
      (effects (font (size 1 1) (thickness 0.15)))
    )
    (fp_text user %R (at 0 0) (layer F.Fab)
      (effects (font (size 0.4 0.4) (thickness 0.06)))
    )
    (fp_line (start 1.65 0.73) (end -1.65 0.73) (layer F.CrtYd) (width 0.05))
    (fp_line (start 1.65 -0.73) (end 1.65 0.73) (layer F.CrtYd) (width 0.05))
    (fp_line (start -1.65 -0.73) (end 1.65 -0.73) (layer F.CrtYd) (width 0.05))
    (fp_line (start -1.65 0.73) (end -1.65 -0.73) (layer F.CrtYd) (width 0.05))
    (fp_line (start -0.171267 0.51) (end 0.171267 0.51) (layer F.SilkS) (width 0.12))
    (fp_line (start -0.171267 -0.51) (end 0.171267 -0.51) (layer F.SilkS) (width 0.12))
    (fp_line (start 0.8 0.4) (end -0.8 0.4) (layer F.Fab) (width 0.1))
    (fp_line (start 0.8 -0.4) (end 0.8 0.4) (layer F.Fab) (width 0.1))
    (fp_line (start -0.8 -0.4) (end 0.8 -0.4) (layer F.Fab) (width 0.1))
    (fp_line (start -0.8 0.4) (end -0.8 -0.4) (layer F.Fab) (width 0.1))
    (pad 2 smd roundrect (at 0.875 0) (size 1.05 0.95) (layers F.Cu F.Paste F.Mask) (roundrect_rratio 0.25)
      (net 4 "Net-(D1-Pad2)"))
    (pad 1 smd roundrect (at -0.875 0) (size 1.05 0.95) (layers F.Cu F.Paste F.Mask) (roundrect_rratio 0.25)
      (net 18 "Net-(R5-Pad1)"))
    (model ${KISYS3DMOD}/Resistor_SMD.3dshapes/R_0603_1608Metric.wrl
      (at (xyz 0 0 0))
      (scale (xyz 1 1 1))
      (rotate (xyz 0 0 0))
    )
  )

  (module Resistor_SMD:R_0603_1608Metric_Pad1.05x0.95mm_HandSolder (layer B.Cu) (tedit 5B301BBD) (tstamp 5E8466B1)
    (at 216 63.25 90)
    (descr "Resistor SMD 0603 (1608 Metric), square (rectangular) end terminal, IPC_7351 nominal with elongated pad for handsoldering. (Body size source: http://www.tortai-tech.com/upload/download/2011102023233369053.pdf), generated with kicad-footprint-generator")
    (tags "resistor handsolder")
    (path /5E98FDD4)
    (attr smd)
    (fp_text reference R4 (at 0 1.43 270) (layer B.SilkS)
      (effects (font (size 1 1) (thickness 0.15)) (justify mirror))
    )
    (fp_text value 2k4 (at 0 -1.43 270) (layer B.Fab)
      (effects (font (size 1 1) (thickness 0.15)) (justify mirror))
    )
    (fp_text user %R (at 0 0 270) (layer B.Fab)
      (effects (font (size 0.4 0.4) (thickness 0.06)) (justify mirror))
    )
    (fp_line (start 1.65 -0.73) (end -1.65 -0.73) (layer B.CrtYd) (width 0.05))
    (fp_line (start 1.65 0.73) (end 1.65 -0.73) (layer B.CrtYd) (width 0.05))
    (fp_line (start -1.65 0.73) (end 1.65 0.73) (layer B.CrtYd) (width 0.05))
    (fp_line (start -1.65 -0.73) (end -1.65 0.73) (layer B.CrtYd) (width 0.05))
    (fp_line (start -0.171267 -0.51) (end 0.171267 -0.51) (layer B.SilkS) (width 0.12))
    (fp_line (start -0.171267 0.51) (end 0.171267 0.51) (layer B.SilkS) (width 0.12))
    (fp_line (start 0.8 -0.4) (end -0.8 -0.4) (layer B.Fab) (width 0.1))
    (fp_line (start 0.8 0.4) (end 0.8 -0.4) (layer B.Fab) (width 0.1))
    (fp_line (start -0.8 0.4) (end 0.8 0.4) (layer B.Fab) (width 0.1))
    (fp_line (start -0.8 -0.4) (end -0.8 0.4) (layer B.Fab) (width 0.1))
    (pad 2 smd roundrect (at 0.875 0 90) (size 1.05 0.95) (layers B.Cu B.Paste B.Mask) (roundrect_rratio 0.25)
      (net 2 GND))
    (pad 1 smd roundrect (at -0.875 0 90) (size 1.05 0.95) (layers B.Cu B.Paste B.Mask) (roundrect_rratio 0.25)
      (net 7 D+))
    (model ${KISYS3DMOD}/Resistor_SMD.3dshapes/R_0603_1608Metric.wrl
      (at (xyz 0 0 0))
      (scale (xyz 1 1 1))
      (rotate (xyz 0 0 0))
    )
  )

  (module Resistor_SMD:R_0603_1608Metric_Pad1.05x0.95mm_HandSolder (layer B.Cu) (tedit 5B301BBD) (tstamp 5E8466A0)
    (at 214.25 63.25 270)
    (descr "Resistor SMD 0603 (1608 Metric), square (rectangular) end terminal, IPC_7351 nominal with elongated pad for handsoldering. (Body size source: http://www.tortai-tech.com/upload/download/2011102023233369053.pdf), generated with kicad-footprint-generator")
    (tags "resistor handsolder")
    (path /5E98FDCA)
    (attr smd)
    (fp_text reference R3 (at 0 1.43 270) (layer B.SilkS)
      (effects (font (size 1 1) (thickness 0.15)) (justify mirror))
    )
    (fp_text value 10k (at 0 -1.43 270) (layer B.Fab)
      (effects (font (size 1 1) (thickness 0.15)) (justify mirror))
    )
    (fp_text user %R (at 0 0 270) (layer B.Fab)
      (effects (font (size 0.4 0.4) (thickness 0.06)) (justify mirror))
    )
    (fp_line (start 1.65 -0.73) (end -1.65 -0.73) (layer B.CrtYd) (width 0.05))
    (fp_line (start 1.65 0.73) (end 1.65 -0.73) (layer B.CrtYd) (width 0.05))
    (fp_line (start -1.65 0.73) (end 1.65 0.73) (layer B.CrtYd) (width 0.05))
    (fp_line (start -1.65 -0.73) (end -1.65 0.73) (layer B.CrtYd) (width 0.05))
    (fp_line (start -0.171267 -0.51) (end 0.171267 -0.51) (layer B.SilkS) (width 0.12))
    (fp_line (start -0.171267 0.51) (end 0.171267 0.51) (layer B.SilkS) (width 0.12))
    (fp_line (start 0.8 -0.4) (end -0.8 -0.4) (layer B.Fab) (width 0.1))
    (fp_line (start 0.8 0.4) (end 0.8 -0.4) (layer B.Fab) (width 0.1))
    (fp_line (start -0.8 0.4) (end 0.8 0.4) (layer B.Fab) (width 0.1))
    (fp_line (start -0.8 -0.4) (end -0.8 0.4) (layer B.Fab) (width 0.1))
    (pad 2 smd roundrect (at 0.875 0 270) (size 1.05 0.95) (layers B.Cu B.Paste B.Mask) (roundrect_rratio 0.25)
      (net 7 D+))
    (pad 1 smd roundrect (at -0.875 0 270) (size 1.05 0.95) (layers B.Cu B.Paste B.Mask) (roundrect_rratio 0.25)
      (net 1 +3V3))
    (model ${KISYS3DMOD}/Resistor_SMD.3dshapes/R_0603_1608Metric.wrl
      (at (xyz 0 0 0))
      (scale (xyz 1 1 1))
      (rotate (xyz 0 0 0))
    )
  )

  (module Resistor_SMD:R_0603_1608Metric_Pad1.05x0.95mm_HandSolder (layer B.Cu) (tedit 5B301BBD) (tstamp 5E84668F)
    (at 202.25 61.75 90)
    (descr "Resistor SMD 0603 (1608 Metric), square (rectangular) end terminal, IPC_7351 nominal with elongated pad for handsoldering. (Body size source: http://www.tortai-tech.com/upload/download/2011102023233369053.pdf), generated with kicad-footprint-generator")
    (tags "resistor handsolder")
    (path /5E97F67A)
    (attr smd)
    (fp_text reference R2 (at 0 1.43 -90) (layer B.SilkS)
      (effects (font (size 1 1) (thickness 0.15)) (justify mirror))
    )
    (fp_text value 2k4 (at 0 -1.43 -90) (layer B.Fab)
      (effects (font (size 1 1) (thickness 0.15)) (justify mirror))
    )
    (fp_text user %R (at 0 0 -90) (layer B.Fab)
      (effects (font (size 0.4 0.4) (thickness 0.06)) (justify mirror))
    )
    (fp_line (start 1.65 -0.73) (end -1.65 -0.73) (layer B.CrtYd) (width 0.05))
    (fp_line (start 1.65 0.73) (end 1.65 -0.73) (layer B.CrtYd) (width 0.05))
    (fp_line (start -1.65 0.73) (end 1.65 0.73) (layer B.CrtYd) (width 0.05))
    (fp_line (start -1.65 -0.73) (end -1.65 0.73) (layer B.CrtYd) (width 0.05))
    (fp_line (start -0.171267 -0.51) (end 0.171267 -0.51) (layer B.SilkS) (width 0.12))
    (fp_line (start -0.171267 0.51) (end 0.171267 0.51) (layer B.SilkS) (width 0.12))
    (fp_line (start 0.8 -0.4) (end -0.8 -0.4) (layer B.Fab) (width 0.1))
    (fp_line (start 0.8 0.4) (end 0.8 -0.4) (layer B.Fab) (width 0.1))
    (fp_line (start -0.8 0.4) (end 0.8 0.4) (layer B.Fab) (width 0.1))
    (fp_line (start -0.8 -0.4) (end -0.8 0.4) (layer B.Fab) (width 0.1))
    (pad 2 smd roundrect (at 0.875 0 90) (size 1.05 0.95) (layers B.Cu B.Paste B.Mask) (roundrect_rratio 0.25)
      (net 2 GND))
    (pad 1 smd roundrect (at -0.875 0 90) (size 1.05 0.95) (layers B.Cu B.Paste B.Mask) (roundrect_rratio 0.25)
      (net 8 D-))
    (model ${KISYS3DMOD}/Resistor_SMD.3dshapes/R_0603_1608Metric.wrl
      (at (xyz 0 0 0))
      (scale (xyz 1 1 1))
      (rotate (xyz 0 0 0))
    )
  )

  (module Resistor_SMD:R_0603_1608Metric_Pad1.05x0.95mm_HandSolder (layer B.Cu) (tedit 5B301BBD) (tstamp 5E84667E)
    (at 200.5 61.75 270)
    (descr "Resistor SMD 0603 (1608 Metric), square (rectangular) end terminal, IPC_7351 nominal with elongated pad for handsoldering. (Body size source: http://www.tortai-tech.com/upload/download/2011102023233369053.pdf), generated with kicad-footprint-generator")
    (tags "resistor handsolder")
    (path /5E97EF19)
    (attr smd)
    (fp_text reference R1 (at 0 1.43 270) (layer B.SilkS)
      (effects (font (size 1 1) (thickness 0.15)) (justify mirror))
    )
    (fp_text value 10k (at 0 -1.43 270) (layer B.Fab)
      (effects (font (size 1 1) (thickness 0.15)) (justify mirror))
    )
    (fp_text user %R (at 0 0 270) (layer B.Fab)
      (effects (font (size 0.4 0.4) (thickness 0.06)) (justify mirror))
    )
    (fp_line (start 1.65 -0.73) (end -1.65 -0.73) (layer B.CrtYd) (width 0.05))
    (fp_line (start 1.65 0.73) (end 1.65 -0.73) (layer B.CrtYd) (width 0.05))
    (fp_line (start -1.65 0.73) (end 1.65 0.73) (layer B.CrtYd) (width 0.05))
    (fp_line (start -1.65 -0.73) (end -1.65 0.73) (layer B.CrtYd) (width 0.05))
    (fp_line (start -0.171267 -0.51) (end 0.171267 -0.51) (layer B.SilkS) (width 0.12))
    (fp_line (start -0.171267 0.51) (end 0.171267 0.51) (layer B.SilkS) (width 0.12))
    (fp_line (start 0.8 -0.4) (end -0.8 -0.4) (layer B.Fab) (width 0.1))
    (fp_line (start 0.8 0.4) (end 0.8 -0.4) (layer B.Fab) (width 0.1))
    (fp_line (start -0.8 0.4) (end 0.8 0.4) (layer B.Fab) (width 0.1))
    (fp_line (start -0.8 -0.4) (end -0.8 0.4) (layer B.Fab) (width 0.1))
    (pad 2 smd roundrect (at 0.875 0 270) (size 1.05 0.95) (layers B.Cu B.Paste B.Mask) (roundrect_rratio 0.25)
      (net 8 D-))
    (pad 1 smd roundrect (at -0.875 0 270) (size 1.05 0.95) (layers B.Cu B.Paste B.Mask) (roundrect_rratio 0.25)
      (net 1 +3V3))
    (model ${KISYS3DMOD}/Resistor_SMD.3dshapes/R_0603_1608Metric.wrl
      (at (xyz 0 0 0))
      (scale (xyz 1 1 1))
      (rotate (xyz 0 0 0))
    )
  )

  (module batteryPack:USB_C_Female-16Pin-HPJF (layer F.Cu) (tedit 5E845E78) (tstamp 5E84666D)
    (at 227.25 59.25 90)
    (path /5E8413A8)
    (fp_text reference P1 (at 0 9 90) (layer F.SilkS) hide
      (effects (font (size 1 1) (thickness 0.15)))
    )
    (fp_text value USB_C_Plug_USB2.0 (at 0 -2 90) (layer F.Fab)
      (effects (font (size 1 1) (thickness 0.15)))
    )
    (fp_line (start 5 -0.25) (end 5 1.75) (layer F.SilkS) (width 0.15))
    (fp_line (start 3.75 -0.25) (end 5 -0.25) (layer F.SilkS) (width 0.15))
    (fp_line (start 4.5 3.75) (end 4.5 2.25) (layer F.SilkS) (width 0.15))
    (fp_line (start 4.5 7.75) (end 4.5 5.75) (layer F.SilkS) (width 0.15))
    (fp_line (start -4.5 7.75) (end 4.5 7.75) (layer F.SilkS) (width 0.15))
    (fp_line (start -4.5 5.75) (end -4.5 7.75) (layer F.SilkS) (width 0.15))
    (fp_line (start -4.5 2.25) (end -4.5 3.75) (layer F.SilkS) (width 0.15))
    (fp_line (start -5 -0.25) (end -5 1.75) (layer F.SilkS) (width 0.15))
    (fp_line (start -3.75 -0.25) (end -5 -0.25) (layer F.SilkS) (width 0.15))
    (fp_line (start 4.47 0) (end -4.47 0) (layer F.Fab) (width 0.12))
    (fp_line (start 4.47 7.78) (end 4.47 0) (layer F.Fab) (width 0.12))
    (fp_line (start -4.47 7.78) (end -4.47 0) (layer F.Fab) (width 0.12))
    (fp_line (start -4.47 7.78) (end 4.47 7.78) (layer F.Fab) (width 0.12))
    (pad A12 smd rect (at 3.35 0 90) (size 0.3 2) (layers F.Cu F.Paste F.Mask)
      (net 2 GND))
    (pad B1 smd rect (at 3.05 0 90) (size 0.3 2) (layers F.Cu F.Paste F.Mask)
      (net 2 GND))
    (pad A9 smd rect (at 2.55 0 90) (size 0.3 2) (layers F.Cu F.Paste F.Mask)
      (net 3 VBUS))
    (pad B4 smd rect (at 2.25 0 90) (size 0.3 2) (layers F.Cu F.Paste F.Mask)
      (net 3 VBUS))
    (pad B9 smd rect (at -2.25 0 90) (size 0.3 2) (layers F.Cu F.Paste F.Mask)
      (net 3 VBUS))
    (pad A4 smd rect (at -2.55 0 90) (size 0.3 2) (layers F.Cu F.Paste F.Mask)
      (net 3 VBUS))
    (pad B12 smd rect (at -3.05 0 90) (size 0.3 2) (layers F.Cu F.Paste F.Mask)
      (net 2 GND))
    (pad A1 smd rect (at -3.35 0 90) (size 0.3 2) (layers F.Cu F.Paste F.Mask)
      (net 2 GND))
    (pad "" np_thru_hole circle (at 2.89 1.5 180) (size 0.7 0.7) (drill 0.7) (layers *.Cu *.Mask))
    (pad "" np_thru_hole circle (at -2.89 1.5 180) (size 0.7 0.7) (drill 0.7) (layers *.Cu *.Mask))
    (pad S1 thru_hole oval (at 4.32 4.75 90) (size 1 1.8) (drill oval 0.6 1.4) (layers *.Cu *.Mask)
      (net 2 GND))
    (pad S1 thru_hole oval (at -4.25 4.75 90) (size 1 1.8) (drill oval 0.6 1.4) (layers *.Cu *.Mask)
      (net 2 GND))
    (pad S1 thru_hole oval (at 4.32 1 90) (size 1 2.1) (drill oval 0.6 1.7) (layers *.Cu *.Mask)
      (net 2 GND))
    (pad S1 thru_hole oval (at -4.32 1 90) (size 1 2.1) (drill oval 0.6 1.7) (layers *.Cu *.Mask)
      (net 2 GND))
    (pad B5 smd rect (at 1.75 0 90) (size 0.3 2) (layers F.Cu F.Paste F.Mask))
    (pad B8 smd rect (at -1.75 0 90) (size 0.3 2) (layers F.Cu F.Paste F.Mask))
    (pad A8 smd rect (at 1.25 0 90) (size 0.3 2) (layers F.Cu F.Paste F.Mask))
    (pad A5 smd rect (at -1.25 0 90) (size 0.3 2) (layers F.Cu F.Paste F.Mask))
    (pad B6 smd rect (at 0.75 0 90) (size 0.3 2) (layers F.Cu F.Paste F.Mask))
    (pad B7 smd rect (at -0.75 0 90) (size 0.3 2) (layers F.Cu F.Paste F.Mask))
    (pad A7 smd rect (at 0.25 0 90) (size 0.3 2) (layers F.Cu F.Paste F.Mask)
      (net 8 D-))
    (pad A6 smd rect (at -0.25 0 90) (size 0.3 2) (layers F.Cu F.Paste F.Mask)
      (net 7 D+))
  )

  (module batteryPack:2mm_Banana-Plug (layer F.Cu) (tedit 5E838C73) (tstamp 5E846646)
    (at 190 73 90)
    (path /5E849477)
    (fp_text reference J16 (at 0 5 90) (layer F.SilkS) hide
      (effects (font (size 1 1) (thickness 0.15)))
    )
    (fp_text value B2- (at 0 6.5 90) (layer F.Fab)
      (effects (font (size 1 1) (thickness 0.15)))
    )
    (fp_line (start 1.75 3.75) (end 1.75 0.5) (layer F.SilkS) (width 0.15))
    (fp_line (start -1.75 3.75) (end 1.75 3.75) (layer F.SilkS) (width 0.15))
    (fp_line (start -1.75 0.5) (end -1.75 3.75) (layer F.SilkS) (width 0.15))
    (fp_arc (start 0 -10.25) (end 0.75 -10.25) (angle -180) (layer Dwgs.User) (width 0.12))
    (fp_arc (start -7.499999 -5.249999) (end 0.75 -2) (angle -43.00286865) (layer Dwgs.User) (width 0.12))
    (fp_arc (start 7.5 -5.25) (end -0.749999 -8.499999) (angle -43.00286865) (layer Dwgs.User) (width 0.12))
    (fp_line (start 0.75 0) (end 1.25 0) (layer Dwgs.User) (width 0.12))
    (fp_line (start -0.75 0) (end -1.25 0) (layer Dwgs.User) (width 0.12))
    (fp_line (start 0.75 -10.25) (end 0.75 -8.5) (layer Dwgs.User) (width 0.12))
    (fp_line (start -0.75 -8.5) (end -0.75 -10.25) (layer Dwgs.User) (width 0.12))
    (fp_line (start 0.75 0) (end 0.75 -2) (layer Dwgs.User) (width 0.12))
    (fp_line (start -0.75 0) (end -0.75 -2) (layer Dwgs.User) (width 0.12))
    (fp_line (start 1.25 3.5) (end 1.25 0) (layer Dwgs.User) (width 0.12))
    (fp_line (start -1.25 3.5) (end 1.25 3.5) (layer Dwgs.User) (width 0.12))
    (fp_line (start -1.25 0) (end -1.25 3.5) (layer Dwgs.User) (width 0.12))
    (pad 1 smd rect (at 0 1.75 90) (size 3 3.5) (layers F.Cu F.Paste F.Mask)
      (net 17 "Net-(J16-Pad1)"))
  )

  (module batteryPack:2mm_Banana-Plug (layer F.Cu) (tedit 5E838C73) (tstamp 5E846632)
    (at 190 80 90)
    (path /5E8491A4)
    (fp_text reference J15 (at 0 5 90) (layer F.SilkS) hide
      (effects (font (size 1 1) (thickness 0.15)))
    )
    (fp_text value B2+ (at 0 6.5 90) (layer F.Fab)
      (effects (font (size 1 1) (thickness 0.15)))
    )
    (fp_line (start 1.75 3.75) (end 1.75 0.5) (layer F.SilkS) (width 0.15))
    (fp_line (start -1.75 3.75) (end 1.75 3.75) (layer F.SilkS) (width 0.15))
    (fp_line (start -1.75 0.5) (end -1.75 3.75) (layer F.SilkS) (width 0.15))
